0.3043800890445709 6.323684501363525
0.31326813995838165 6.593905552362237
0.3187537252015612 6.7402448654174805
0.3224157243967056 6.875301519682967
0.3318304419517517 7.192167868749417
0.34125296668482624 7.454622745513916
0.3415200710296631 7.4649083074472005
0.35149262845516205 7.83647183118903
0.3617563992738724 8.15163126791023
0.36505051048234916 8.244715452194214
0.37231987714767456 8.528699532053572
0.3831918090581894 8.898261555962145
0.3906580115026978 9.118547916412354
0.39438121020793915 9.264333560648831
0.4058973491191864 9.68033542691878
0.4177497625350952 10.033187376777292
0.4195891419671068 10.084994792938232
0.42994828522205353 10.36801625733177
0.4425030052661896 10.658328059849403
0.45542432367801666 10.904569949348078
0.46872295439243317 11.113431826881262
0.4714682077008147 11.1538724899292
0.48240990936756134 11.448539108391797
0.4964965283870697 11.772406069714236
0.5109944939613342 12.04710937771146
0.525915801525116 12.28011217341648
0.5297672460354493 12.336037635803223
0.5412728190422058 12.641462344913524
0.5570782721042633 13.002762670360696
0.5733452439308167 13.309216882842096
0.5900872349739075 13.569150732144221
0.5952814603294402 13.6434965133667
0.607318103313446 13.958453345928575
0.6250521242618561 14.36151380432797
0.6433039605617523 14.703388877947958
0.6620887517929077 14.993366630731781
0.6689046012834792 15.089529037475586
0.6814221143722534 15.412388400845062
0.7013200223445892 15.862035630395523
0.7217989265918732 16.243425510008233
0.7428758144378662 16.56691964210023
0.7516412931950307 16.68882179260254
0.7645681798458099 17.017476426887136
0.7868939936161041 17.5190951568991
0.8098717033863068 17.944567159121835
0.833520382642746 18.305451659330007
0.8446206985401012 18.457618713378906
0.8578596413135529 18.78939757514011
0.8829095959663391 19.348994843674806
0.908691018819809 19.82364412616104
0.9352252781391144 20.226240697003174
0.94911200018387 20.41388511657715
0.9625343382358551 20.745454401159876
0.9906408190727234 21.369731672145228
1.0195680260658264 22.04521988664463
1.0451635277606242 22.57749080657959
1.0493399500846863 22.724712335878177
1.07998126745224 23.74275603605787
1.111517310142517 24.54342208790572
1.131756664676118 24.970410346984863
1.1439741849899292 25.407328443201095
1.1773788332939148 26.47474539703435
1.2117589116096497 27.314242284987497
1.2259022043973844 27.616947174072266
1.2471429109573364 28.44586778210572
1.2835601568222046 29.64973658114709
1.31843421581603 30.54398250579834
1.3210408091545105 30.74234046115611
1.3596158623695374 33.55220913930425
1.3629252308444895 33.781246185302734
1.3993173241615295 36.67281866538219
1.4085788551064315 37.36161804199219
1.4401781558990479 38.849854057498334
1.48223215341568 40.17057079095356
1.5255141258239746 40.95915740365937
1.5484944767697946 41.321462631225586
1.570059895515442 41.951002568174445
1.6159064769744873 43.15988708307154
1.6630918383598328 44.193066807842825
1.7116549611091614 45.07607947822131
1.7518670160839807 45.700998306274414
1.761636197566986 45.989299020578194
1.813076913356781 47.42240462534776
1.8660196661949158 48.647216123930036
1.9205084443092346 49.69400793192145
1.973391755351469 50.54470634460449
1.9765883684158325 50.67327337849801
2.0343058109283447 52.83345560380028
2.093708634376526 54.64389306939645
2.141445284484675 55.901784896850586
2.154845952987671 56.416600891311084
2.2177685499191284 58.69487395691012
2.2825286388397217 60.66137332945623
2.336045549177227 61.82664489746094
2.3491796255111694 62.107467102412784
2.4177768230438232 62.93788467765028
2.4883772134780884 63.71168495795213
2.5610392093658447 64.43272807126047
2.635822892189026 65.1046109646688
2.7127902507781982 65.7306853479099
2.792005181312561 66.31407441346911
2.873533248901367 66.85768841673205
2.9574419260025024 67.36423919388841
0.6669648583037675 9520.84912109375
0.6620887517929077 9349.975525408448
0.6433039605617523 8691.301890520923
0.6409722243398865 8608.46435546875
0.6250521242618561 8074.147973924289
0.6162608860274319 7783.513427734375
0.607318103313446 7471.389854010481
0.5943894796872435 7037.61767578125
0.5900872349739075 6893.833629549154
0.5743406002499621 6363.201416015625
0.5733452439308167 6332.245469520022
0.5570782721042633 5814.847038897213
0.5551748263436695 5753.414794921875
0.5412728190422058 5339.326152670476
0.5367025177382883 5202.06396484375
0.525915801525116 4907.343633873367
0.5185031305985991 4703.549072265625
0.5109944939613342 4514.295785346594
0.5006710906766256 4252.8070068359375
0.4964965283870697 4173.322326068581
0.48240990936756134 3920.6094867793236
0.47788215605914014 3845.2596435546875
0.46872295439243317 3714.10663746541
0.45542432367801666 3531.0468168490243
0.4514646407966782 3476.7677001953125
0.4425030052661896 3353.8659812225965
0.42994828522205353 3188.7743252651753
0.4265065188691816 3143.58837890625
0.4177497625350952 3041.022388795026
0.4058973491191864 2908.253287964011
0.3998517623984959 2842.337646484375
0.39438121020793915 2785.8746592163425
0.3831918090581894 2672.5789535626354
0.37231987714767456 2570.4503896111273
0.37226870681998225 2569.9559326171875
0.3617563992738724 2463.005962263877
0.35149262845516205 2366.0770618065926
0.34691110877302084 2323.6766357421875
0.3415200710296631 2271.1468581059094
0.3318304419517517 2179.152839923042
0.3230129618700232 2100.9982299804688
0.3224157243967056 2095.4247103673774
0.31326813995838165 2008.1143588205741
0.3043800890445709 1929.4098680358015