0.3043800890445709 13.665416678574235
0.31326813995838165 13.965007490953772
0.3224157243967056 14.256256366770469
0.3318304419517517 14.539395582525273
0.3415200710296631 14.814650947111518
0.35149262845516205 15.082241981901664
0.35177235027279413 15.089529037475586
0.3617563992738724 15.412498932683931
0.37231987714767456 15.735524520047067
0.3831918090581894 16.04955564280514
0.39438121020793915 16.354842746732984
0.4058973491191864 16.651629304084697
0.40738801199003427 16.68882179260254
0.4177497625350952 17.00984662630851
0.42994828522205353 17.368116002007806
0.4425030052661896 17.716409569768423
0.45542432367801666 18.055005100314823
0.46872295439243317 18.384172630002823
0.4717965227858712 18.457618713378906
0.48240990936756134 18.77254539426478
0.4964965283870697 19.169903858359255
0.5109944939613342 19.55619810097827
0.525915801525116 19.931736199104996
0.5412728190422058 20.296817651493424
0.5463879945862425 20.41388511657715
0.5570782721042633 20.71768979680491
0.5733452439308167 21.158402273045194
0.5900872349739075 21.586843359885915
0.607318103313446 22.003354747217656
0.6250521242618561 22.408268610769493
0.6327723704797433 22.57749080657959
0.6433039605617523 22.864139385430626
0.6620887517929077 23.352935882508632
0.6814221143722534 23.828122117848707
0.7013200223445892 24.290077061483803
0.7217989265918732 24.739169131240715
0.7328140408805187 24.970410346984863
0.7428758144378662 25.232699488247523
0.7645681798458099 25.7748260532786
0.7868939936161041 26.30185741102147
0.8098717033863068 26.814213878977164
0.833520382642746 27.443129762869894
0.8486722489605304 27.616947174072266
0.8578596413135529 27.817916305233496
0.8829095959663391 28.344728268139033
0.908691018819809 28.85687145018245
0.9352252781391144 29.891451477970733
0.9625343382358551 30.30058524741101
0.9906408190727234 30.487153108121937
0.9929002927361756 30.54398250579834
1.0195680260658264 32.47109067220504
1.0337639166975006 33.781246185302734
1.0493399500846863 35.4316245071012
1.0688000973017096 37.36161804199219
1.07998126745224 38.6347205486817
1.1051908700649085 41.321462631225586
1.111517310142517 42.09554233529571
1.1439741849899292 45.400973263844335
1.1488356497819217 45.700998306274414
1.1773788332939148 46.961345046657506
1.2117589116096497 48.25316904768396
1.2471429109573364 49.35723345531438
1.2835601568222046 50.300828105381086
1.293692637651699 50.54470634460449
1.3210408091545105 52.190472494689296
1.3596158623695374 54.20679083769756
1.3985575584571268 55.901784896850586
1.3993173241615295 55.96829507707513
1.4401781558990479 59.05524842285568
1.48223215341568 61.158162421255064
1.499641584499746 61.82664489746094
1.5255141258239746 65.30762292172062
1.5493824463800312 68.37946319580078
1.5498098584199524 75.62679290771484
1.570059895515442 78.83881726755266
1.6159064769744873 83.03699355784545
1.6262324624940878 83.64224624633789
1.6630918383598328 85.39369737121288
1.7116549611091614 87.52225151557421
1.761636197566986 89.51279761112889
1.813076913356781 91.37428361984723
1.8467188494221407 92.50723266601562
1.8660196661949158 93.55705048317097
1.9205084443092346 96.36866753060167
1.9765883684158325 98.94508953285549
2.0343058109283447 99.17483664881557
2.093708634376526 99.38632850961909
2.154845952987671 99.5964202598699
2.2177685499191284 99.8051211685278
2.2825286388397217 100.0124404431906
2.3491796255111694 100.2183872305003
2.4177768230438232 100.42297061654662
2.4883772134780884 100.62619962726792
2.5610392093658447 100.8280832288494
2.635822892189026 101.02863032811857
2.7127902507781982 101.22784977293833
2.792005181312561 101.54859946928535
2.873533248901367 101.83025896443942
2.9574419260025024 102.02457019086783
2.069504335951269 9520.84912109375
2.0343058109283447 9087.829203499043
1.9765883684158325 8625.932031746945
1.9687335899741556 8608.46435546875
1.9205084443092346 8498.270199665374
1.8660196661949158 8372.50781293262
1.813076913356781 8249.461545490438
1.761636197566986 8129.072736683679
1.7116549611091614 8011.283992764885
1.6630918383598328 7896.039159532601
1.6160049026149366 7783.513427734375
1.6159064769744873 7783.271746231155
1.570059895515442 7667.414584722975
1.5255141258239746 7554.059617070206
1.48223215341568 7443.1528028146795
1.4401781558990479 7334.641268622473
1.3993173241615295 7218.565974711127
1.3596158623695374 7091.467673794499
1.3439168464951934 7037.61767578125
1.3210408091545105 6952.77201603891
1.2835601568222046 6811.935781589197
1.2471429109573364 6674.811112380517
1.2117589116096497 6541.300194689063
1.1773788332939148 6411.307792551067
1.1648916718244149 6363.201416015625
1.1439741849899292 6282.197161799224
1.111517310142517 6154.970374020373
1.07998126745224 6031.096491302449
1.0493399500846863 5910.487151968303
1.0195680260658264 5793.056323003766
1.0148434178234125 5753.414794921875
0.9906408190727234 5554.964276950084
0.9691355168503792 5202.06396484375
0.9625343382358551 5103.517117508119
0.9359082543009049 4703.549072265625
0.9352252781391144 4694.143439512485
0.908691018819809 4319.053352833073
0.9040401768447297 4252.8070068359375
0.8829095959663391 3974.1026381284087
0.8731892766978718 3845.2596435546875
0.8578596413135529 3657.1054020572838
0.8432393258485441 3476.7677001953125
0.833520382642746 3380.0726393067166
0.8098717033863068 3163.4459644129633
0.8076082535500614 3143.58837890625
0.7868939936161041 3014.7841767087075
0.7645681798458099 2884.6012801004354
0.7572666002846434 2842.337646484375
0.7428758144378662 2763.4848355690874
0.7217989265918732 2652.396012620364
0.7052592174919234 2569.9559326171875
0.7013200223445892 2549.283560293833
0.6814221143722534 2443.8505937965638
0.6620887517929077 2348.80976767359
0.6569732790616026 2323.6766357421875
0.6433039605617523 2252.9667352863166
0.6250521242618561 2162.7646650552133
0.6119258236758953 2100.9982299804688
0.607318103313446 2077.8226046161963
0.5900872349739075 1992.5605506797406
0.5733452439308167 1915.3891416522636
0.5699539251114186 1899.6591186523438
0.5570782721042633 1827.8100991870547
0.5412728190422058 1763.5382063220684
0.5309350337075509 1717.6143798828125
0.525915801525116 1679.8336900460874
0.5109944939613342 1595.5473469798892
0.49961415299927064 1553.0150756835938
0.4964965283870697 1533.6458375487496
0.48240990936756134 1441.9500216596314
0.47594869031818354 1404.1893920898438
0.46872295439243317 1361.1940776590632
0.45542432367801666 1282.5057070973348
0.45328535622772115 1269.6256713867188
0.4425030052661896 1208.1783792796314
0.4317560194948389 1147.9571533203125
0.42994828522205353 1138.370355656101
0.4177497625350952 1072.4038953039076
0.4113295677121431 1037.9481811523438
0.4058973491191864 1002.0770461441599
0.39636316973271357 938.4814147949219
0.39438121020793915 931.4639753333884
0.3831918090581894 893.4067735387314
0.37231987714767456 861.2105377070696
0.3677493730493711 848.5465393066406
0.3617563992738724 831.7828338443669
0.35149262845516205 803.1769024706084
0.3415200710296631 776.1792888033331
0.33824346526958704 767.2301635742188
0.3318304419517517 748.2306218221839
0.3224157243967056 720.5918604293221
0.31326813995838165 694.507039327815
0.3129751078621768 693.7063598632812
0.3043800890445709 659.9262995174005