0.3043800890445709 3.8103289692047775
0.31028047684400045 4.073105692863464
0.31326813995838165 4.2196351808620225
0.319226712825516 4.5048017501831055
0.3224157243967056 4.672875366426253
0.3284313655415252 4.982251882553101
0.3318304419517517 5.254648278262911
0.3347274769722931 5.510305643081665
0.34131533463789243 6.094326019287109
0.3415200710296631 6.114269297131639
0.3473203754633228 6.7402448654174805
0.35149262845516205 7.176984673034768
0.3538866209458371 7.454622745513916
0.3617563992738724 7.930274562767626
0.37231987714767456 8.218020298387746
0.3739274711120614 8.244715452194214
0.3831918090581894 8.514800650773713
0.39438121020793915 8.78354141433691
0.4058973491191864 9.004311202295565
0.4128072707576457 9.118547916412354
0.4177497625350952 9.271113970569392
0.42994828522205353 9.609743722609023
0.4425030052661896 9.887927119735163
0.4533219445366359 10.084994792938232
0.45542432367801666 10.357965333770425
0.4612721715642978 11.1538724899292
0.46872295439243317 11.688736738926828
0.48240990936756134 12.12370384450596
0.4931184485095293 12.336037635803223
0.4964965283870697 12.428907231285804
0.5109944939613342 12.693727469785614
0.525915801525116 12.90757234028664
0.5412728190422058 13.111428308115855
0.5570782721042633 13.305761964668951
0.5733452439308167 13.495143489689212
0.587704138142306 13.6434965133667
0.5900872349739075 13.679792216876114
0.607318103313446 13.93308533288657
0.6250521242618561 14.296720362378121
0.6433039605617523 14.57059497663579
0.6620887517929077 14.849212244816224
0.6789874096958524 15.089529037475586
0.6814221143722534 15.143787835583153
0.7013200223445892 15.551771663129223
0.7217989265918732 15.926860814992938
0.7428758144378662 16.26997470556296
0.7645681798458099 16.583839133038776
0.7722760725233706 16.68882179260254
0.7868939936161041 16.988977468989866
0.8098717033863068 17.421815018061018
0.833520382642746 17.817754422623043
0.8578596413135529 18.17994114237818
0.878542403222859 18.457618713378906
0.8829095959663391 18.54601086062615
0.908691018819809 19.045487721702344
0.9352252781391144 19.502385630378257
0.9625343382358551 19.92033431873717
0.9906408190727234 20.302654094739566
0.9954311230938405 20.41388511657715
1.0195680260658264 21.20450809774719
1.0493399500846863 22.197845009027116
1.0620580020608215 22.57749080657959
1.07998126745224 23.30790473304692
1.111517310142517 24.431239429354438
1.1288161805012769 24.970410346984863
1.1439741849899292 25.615387778815812
1.1773788332939148 26.885732645049707
1.1998479713472492 27.616947174072266
1.2117589116096497 28.179003095350012
1.2471429109573364 29.70486562919513
1.2697453454938425 30.54398250579834
1.2835601568222046 31.57644008142244
1.3151636059320848 33.781246185302734
1.3210408091545105 34.253252688733895
1.3596158623695374 37.18236130784323
1.3620767334170343 37.36161804199219
1.3993173241615295 39.36114077792401
1.4401781558990479 40.734448988489284
1.4654431040832216 41.321462631225586
1.48223215341568 41.85085604205822
1.5255141258239746 43.11285083597975
1.570059895515442 44.22214896404906
1.6159064769744873 45.19722615364216
1.6421511798997834 45.700998306274414
1.6630918383598328 46.38620151256943
1.7116549611091614 47.8472555234115
1.761636197566986 49.13152744516721
1.813076913356781 50.260407251642995
1.8268889231321557 50.54470634460449
1.8660196661949158 52.106974633682036
1.9205084443092346 53.76858711496834
1.9765883684158325 54.98246062813283
2.0343058109283447 54.96031225332926
2.093708634376526 54.10723288429036
2.154845952987671 53.10150443732766
2.2177685499191284 51.91499046873883
2.281248616222713 50.54470634460449
2.2825286388397217 50.53150657827821
2.3491796255111694 49.86252497761612
2.4177768230438232 49.134408102225606
2.4883772134780884 48.341928632381055
2.5610392093658447 47.479397174380914
2.635822892189026 46.54062141507223
2.69999933457911 45.700998306274414
2.7127902507781982 45.60029025227833
2.792005181312561 44.96773863790705
2.873533248901367 44.20628329454822
2.9574419260025024 43.369996618139
<<<<<<< HEAD
0.5778233234598944 9520.84912109375
0.5733452439308167 9411.126910093828
0.5570782721042633 9006.289322794075
0.5412728190422058 8621.286690187311
0.540760481595083 8608.46435546875
0.525915801525116 8249.935672170439
0.5109944939613342 7896.599073012167
0.5076076658423243 7783.513427734375
0.4964965283870697 7432.25089085897
0.4897752250964197 7037.61767578125
0.48240990936756134 6651.196665247519
0.47713888101996477 6363.201416015625
0.46872295439243317 5952.315652806971
0.4648109718053744 5753.414794921875
0.45542432367801666 5326.953379022631
0.4527847387113608 5202.06396484375
0.4425030052661896 4783.7241072853085
0.44060176314850097 4703.549072265625
0.42994828522205353 4309.262782019326
0.42847214081231677 4252.8070068359375
0.4177497625350952 3883.522418920086
0.41667466839391865 3845.2596435546875
0.4058973491191864 3598.426513465557
0.3990739508129834 3476.7677001953125
0.39438121020793915 3406.986435326315
0.3831918090581894 3242.531460314171
0.3761971313166301 3143.58837890625
0.37231987714767456 3094.7380778068514
0.3617563992738724 2962.5141363388598
0.35149262845516205 2843.157126691224
0.3514241082514949 2842.337646484375
0.3415200710296631 2729.731316383637
0.3318304419517517 2627.3038387753195
0.32622066577504044 2569.9559326171875
0.3224157243967056 2528.522804954348
0.31326813995838165 2430.035098392079
0.3043800890445709 2341.131394480244
=======
0.5776256383704369 9520.84912109375
0.5733452439308167 9416.965581862214
0.5570782721042633 9015.7336074961
0.5412728190422058 8634.15993137746
0.5402350608595651 8608.46435546875
0.525915801525116 8265.90659046117
0.5109944939613342 7915.30623688884
0.5070116233824732 7783.513427734375
0.4964965283870697 7453.730774351764
0.4893602745627935 7037.61767578125
0.48240990936756134 6675.216481650452
0.4766596870317441 6363.201416015625
0.46872295439243317 5978.10140064932
0.4642731954456335 5753.414794921875
0.45542432367801666 5353.866078085619
0.45219369622026195 5202.06396484375
0.4425030052661896 4807.828631096742
0.4400298237643298 4703.549072265625
0.42994828522205353 4329.180386214695
0.4279589283279172 4252.8070068359375
0.4177497625350952 3900.019864103388
0.4162169627175496 3845.2596435546875
0.4058973491191864 3608.1175923464484
0.3985646612503614 3476.7677001953125
0.39438121020793915 3414.297441073765
0.3831918090581894 3248.4349871047552
0.3758142448977285 3143.58837890625
0.37231987714767456 3099.376608107411
0.3617563992738724 2966.142172430801
0.35149262845516205 2845.927638762596
0.35119384948782495 2842.337646484375
0.3415200710296631 2731.885793475925
0.3318304419517517 2628.8161338627715
0.32609949958282586 2569.9559326171875
0.3224157243967056 2529.673174904357
0.31326813995838165 2430.6580121513466
0.3043800890445709 2341.318784225874
>>>>>>> c00e0ff26dda8f9985561974e6dc88cfd7abcab0
