0.3043800890445709 8.748223732587261
0.3066406969836731 9.118547916412354
0.31326813995838165 9.69573876869695
0.3224157243967056 10.054836315475507
0.32362209063280273 10.084994792938232
0.3293367280800653 11.1538724899292
0.3318304419517517 11.645347036728621
0.3351736799417282 12.336037635803223
0.34132486861370237 13.6434965133667
0.3415200710296631 13.689220032826082
0.34722312015716267 15.089529037475586
0.35149262845516205 16.16421812878045
0.3534808512201224 16.68882179260254
0.35979722251662727 18.457618713378906
0.3617563992738724 18.934298206705733
0.37231987714767456 20.189758663825046
0.37676929644596274 20.41388511657715
0.3831918090581894 20.792466040623175
0.39438121020793915 21.40361791203921
0.4058973491191864 21.96681765524026
0.4177497625350952 22.485827684624258
0.4199370520143148 22.57749080657959
0.42994828522205353 23.159179746262772
0.4425030052661896 23.822317722487956
0.45542432367801666 24.43342464269019
0.4680549256712259 24.970410346984863
0.46872295439243317 25.009787881443874
0.48240990936756134 25.790597609131392
0.4964965283870697 26.510143533295196
0.5109944939613342 26.9722712558766
0.525915801525116 27.34544380322488
0.5375019141765577 27.616947174072266
0.5412728190422058 27.748523878292033
0.5570782721042633 28.2782241899289
0.5733452439308167 28.783181682877746
0.5900872349739075 29.264552118355244
0.607318103313446 29.723437270843224
0.6250521242618561 30.160887449861907
0.6417527349817939 30.54398250579834
0.6433039605617523 30.606933286367234
0.6620887517929077 31.344676390673996
0.6814221143722534 32.04795879434083
0.7013200223445892 32.718390190337665
0.7217989265918732 33.357505081304275
0.7362423967233098 33.781246185302734
0.7428758144378662 34.03906443071243
0.7645681798458099 34.846207989149384
0.7868939936161041 35.615649083980315
0.8098717033863068 36.34914883408809
0.833520382642746 37.04838609477327
0.8446681476658772 37.36161804199219
0.8578596413135529 37.85266092410025
0.8829095959663391 38.735733419780544
0.908691018819809 39.57755673706888
0.9352252781391144 40.38005766535841
0.9625343382358551 41.14507299182855
0.9690889043215917 41.321462631225586
0.9906408190727234 42.08981796296026
1.0195680260658264 44.82626603932005
1.02692991048219 45.700998306274414
1.0493399500846863 47.97776633558745
1.07998126745224 49.96374317616203
1.0927138527273028 50.54470634460449
1.111517310142517 53.0895360240426
1.1336819410743961 55.901784896850586
1.1439741849899292 57.398646514545774
1.1764503194625702 61.82664489746094
1.1773788332939148 61.909743762265684
1.2117589116096497 64.61088963008923
1.2471429109573364 66.57572282256604
1.2835601568222046 68.01910687189987
1.2946473928416564 68.37946319580078
1.3210408091545105 69.84888359169388
1.3596158623695374 71.80613789198695
1.3993173241615295 73.5909872090417
1.4401781558990479 75.21861785678828
1.450986211631645 75.62679290771484
1.48223215341568 77.42808676866552
1.5255141258239746 79.69378585673338
1.570059895515442 81.75991056489421
1.615858606473252 83.64224624633789
1.6159064769744873 83.64561886910822
1.6630918383598328 86.57967313067144
1.7116549611091614 88.799085091008
1.761636197566986 91.0005732261398
1.7988257830204888 92.50723266601562
1.813076913356781 94.03670154181067
1.8660196661949158 98.4024792602436
1.9205084443092346 101.32965508195667
1.9462413096605933 102.3117904663086
1.9765883684158325 104.35842090504889
2.0343058109283447 102.68817437577191
2.040921028155946 102.3117904663086
2.093708634376526 100.92849309304938
2.154845952987671 99.07162254604924
2.2177685499191284 97.01642021622573
2.2825286388397217 95.00109927987057
2.3491796255111694 92.88349312831869
2.361264394787452 92.50723266601562
2.4177768230438232 91.37948606853023
2.4883772134780884 89.85759878512314
2.5610392093658447 88.30289382426139
2.635822892189026 86.66928166374701
2.7127902507781982 84.95275746258845
2.771117368078913 83.64224624633789
2.792005181312561 83.30364122952021
2.873533248901367 82.00233026974234
2.9574419260025024 80.63497282121047
2.3513832372723487 9520.84912109375
2.3491796255111694 9506.819439350813
2.2825286388397217 9070.978444894257
2.2177685499191284 8662.945085073632
2.209289956357749 8608.46435546875
2.154845952987671 8266.789818098307
2.093708634376526 7893.705726664517
2.0758032971498084 7783.513427734375
2.0343058109283447 7534.091907771207
1.9765883684158325 7247.060146379654
1.9205084443092346 7049.243263476358
1.9172984935941562 7037.61767578125
1.8660196661949158 6851.44764227714
1.813076913356781 6660.902468147868
1.761636197566986 6477.8070760810015
1.7295336467113256 6363.201416015625
1.7116549611091614 6298.507079061029
1.6630918383598328 6115.4129313505355
1.6159064769744873 5932.220307228546
1.5712849311573165 5753.414794921875
1.570059895515442 5748.453248911699
1.5255141258239746 5562.9767822234735
1.48223215341568 5385.27085589836
1.4401781558990479 5215.009922989019
1.437060897882482 5202.06396484375
1.3993173241615295 5042.613187055966
1.3596158623695374 4876.673494421182
1.3210408091545105 4717.685848601213
1.317695116703333 4703.549072265625
1.2835601568222046 4558.89074451006
1.2471429109573364 4406.205919622445
1.2117589116096497 4266.351243855359
1.2083537633870969 4252.8070068359375
1.1773788332939148 4137.43281466498
1.1439741849899292 4013.987411038326
1.111517310142517 3895.476808441318
1.0979143488335255 3845.2596435546875
1.07998126745224 3779.417670954931
1.0493399500846863 3666.2639927390596
1.0195680260658264 3557.6336979085763
<<<<<<< HEAD
1.0001113387005673 3476.7677001953125
0.9906408190727234 3437.841764197722
0.9625343382358551 3292.5762677531493
0.9352252781391144 3155.490110531743
0.9329095953315433 3143.58837890625
0.908691018819809 3009.6350337029207
0.8829095959663391 2870.416004450221
0.8777958647095198 2842.337646484375
0.8578596413135529 2727.0498242375365
0.833520382642746 2588.6815675206863
0.830293909963292 2569.9559326171875
0.8098717033863068 2456.847959814002
0.7868939936161041 2332.2389073956083
0.7853536028988983 2323.6766357421875
0.7645681798458099 2213.421402139104
0.7428758144378662 2101.203289771117
0.7428372957585256 2100.9982299804688
0.7217989265918732 1994.1165493249528
0.7027321536953204 1899.6591186523438
0.7013200223445892 1893.1686804063463
0.6814221143722534 1804.6593521113596
0.6620887517929077 1729.8564859361018
0.658834395079865 1717.6143798828125
0.6433039605617523 1660.6374417225006
0.6250521242618561 1594.5636755972678
0.613519812029678 1553.0150756835938
0.607318103313446 1531.2241383620935
0.5900872349739075 1469.9992554202558
0.5733452439308167 1411.8288193561673
0.5711940953654419 1404.1893920898438
0.5570782721042633 1355.2992428690375
0.5412728190422058 1301.3976709103354
0.5319315857932193 1269.6256713867188
0.525915801525116 1249.6704077116226
0.5109944939613342 1199.724412294659
0.4964965283870697 1160.0224045147395
0.4852902705415156 1147.9571533203125
0.48240990936756134 1144.8266744920659
0.46872295439243317 1129.5687481637476
0.45542432367801666 1114.5638382708844
0.4425030052661896 1099.8077491373895
0.42994828522205353 1085.2963546624933
0.4177497625350952 1071.0255971669944
0.4058973491191864 1056.9914862586563
0.39438121020793915 1043.1900977164128
0.39010396121237595 1037.9481811523438
0.3831918090581894 1031.209307478398
0.37231987714767456 1020.4121579637047
0.3617563992738724 1009.7940535056268
0.35149262845516205 999.3520250675437
0.3415200710296631 989.0831528472511
0.3318304419517517 978.9845654605194
0.3224157243967056 969.0534391382046
0.31326813995838165 959.2869969366575
0.3043800890445709 949.1881692696576
=======
1.0000638235800556 3476.7677001953125
0.9906408190727234 3438.127141698476
0.9625343382358551 3293.661105956876
0.9352252781391144 3157.2837333573457
0.9325446758596708 3143.58837890625
0.908691018819809 3012.3940182154147
0.8829095959663391 2873.8020107663083
0.8771449141231242 2842.337646484375
0.8578596413135529 2731.440192128095
0.833520382642746 2593.6028401890594
0.8294215896810668 2569.9559326171875
0.8098717033863068 2462.2870921734607
0.7868939936161041 2338.072987684579
0.7842885328789223 2323.6766357421875
0.7645681798458099 2219.6582099048537
0.7428758144378662 2107.7208277796694
0.7416054796384829 2100.9982299804688
0.7217989265918732 2000.9394161023488
0.7013200223445892 1900.0654202238456
0.7012398581455427 1899.6591186523438
0.6814221143722534 1811.3215827752192
0.6620887517929077 1736.3889733653716
0.657064122292875 1717.6143798828125
0.6433039605617523 1667.4540957054962
0.6250521242618561 1601.4638790597733
0.6115137181363816 1553.0150756835938
0.607318103313446 1538.3669820427444
0.5900872349739075 1477.1785501657328
0.5733452439308167 1419.0232752542965
0.5691400217804791 1404.1893920898438
0.5570782721042633 1362.679996368327
0.5412728190422058 1308.756369847735
0.5296903338558303 1269.6256713867188
0.525915801525116 1257.1848425226224
0.5109944939613342 1207.1849349352885
0.4964965283870697 1167.2994293045351
0.48240990936756134 1151.6533123976108
0.4791632855120268 1147.9571533203125
0.46872295439243317 1135.9642681378148
0.45542432367801666 1120.4461936565708
0.4425030052661896 1105.192382382459
0.42994828522205353 1090.198334076563
0.4177497625350952 1075.4596251362552
0.4058973491191864 1060.971907290122
0.39438121020793915 1046.730906315121
0.38740594490785385 1037.9481811523438
0.3831918090581894 1033.7289996605452
0.37231987714767456 1022.598051339033
0.3617563992738724 1011.6566561805375
0.35149262845516205 1000.9015862119725
0.3415200710296631 990.3296684306357
0.3318304419517517 979.9377838680972
0.3224157243967056 969.7228666700303
0.31326813995838165 959.681903191712
0.3043800890445709 949.3118805757771
>>>>>>> c00e0ff26dda8f9985561974e6dc88cfd7abcab0
