0.3043800890445709 8.748223732587261
0.3066406969836731 9.118547916412354
0.31326813995838165 9.695766513774721
0.3224157243967056 10.054867772812477
0.32362075570096455 10.084994792938232
0.3293141393699041 11.1538724899292
0.3318304419517517 11.65142649866252
0.33513202704480605 12.336037635803223
0.3412551968563849 13.6434965133667
0.3415200710296631 13.705743313965465
0.347135033576093 15.089529037475586
0.35149262845516205 16.1899903701278
0.35337620083058946 16.68882179260254
0.3596558898540096 18.457618713378906
0.3617563992738724 18.96979626950041
0.37231987714767456 20.20724145225092
0.37643407762717207 20.41388511657715
0.3831918090581894 20.811019210923146
0.39438121020793915 21.418868538002577
0.4058973491191864 21.979169327366904
0.4177497625350952 22.495641026152295
0.41970932289522456 22.57749080657959
0.42994828522205353 23.170609561851695
0.4425030052661896 23.830844741732214
0.45542432367801666 24.43943354157604
0.46795476548895126 24.970410346984863
0.46872295439243317 25.01555474841212
0.48240990936756134 25.793548220555987
0.4964965283870697 26.510683762445844
0.5109944939613342 26.960601847075246
0.525915801525116 27.319503303819186
0.5391585693879325 27.616947174072266
0.5412728190422058 27.687752671481153
0.5570782721042633 28.198877661837138
0.5733452439308167 28.687074044334434
0.5900872349739075 29.153370375721895
0.607318103313446 29.59874907261669
0.6250521242618561 30.02414848130921
0.6433039605617523 30.43046485471825
0.6486218798387082 30.54398250579834
0.6620887517929077 31.05153553309959
0.6814221143722534 31.73674728285148
0.7013200223445892 32.39122104912249
0.7217989265918732 33.01633571023574
0.7428758144378662 33.61340828927156
0.7490551479480861 33.781246185302734
0.7645681798458099 34.34121120556109
0.7868939936161041 35.099108557789556
0.8098717033863068 35.82300731571278
0.833520382642746 36.514432625726045
0.8578596413135529 37.17484121752753
0.865039643371032 37.36161804199219
0.8829095959663391 37.97940336708368
0.908691018819809 38.817696531946716
0.9352252781391144 39.61838461857955
0.9625343382358551 40.38315455700611
0.9906408190727234 41.11361760308512
0.9931977615617413 41.321462631225586
1.0195680260658264 43.90767549102998
1.0345805470251936 45.700998306274414
1.0493399500846863 47.2120085455214
1.07998126745224 49.43435175879905
1.103910403382852 50.54470634460449
1.111517310142517 51.59300415808161
1.1439741849899292 55.81008363727172
1.1447027964737881 55.901784896850586
1.1773788332939148 60.60350025124232
1.1864225803985478 61.82664489746094
1.2117589116096497 63.86210959579207
1.2471429109573364 66.00691936928412
1.2835601568222046 67.58427385001157
1.307444220145696 68.37946319580078
1.3210408091545105 69.15399519191253
1.3596158623695374 71.21935294192635
1.3993173241615295 73.0987589509832
1.4401781558990479 74.80895513702185
1.4612877211087816 75.62679290771484
1.48223215341568 76.86277133224293
1.5255141258239746 79.23319337288432
1.570059895515442 81.3901976144751
1.6159064769744873 83.35299884500274
1.622962813475831 83.64224624633789
1.6630918383598328 86.19849890528464
1.7116549611091614 88.53787963954996
1.761636197566986 90.81745239922444
1.8022702170576517 92.50723266601562
1.813076913356781 93.70022437706967
1.8660196661949158 98.26396962553753
1.9205084443092346 101.30960795336529
1.945740522354289 102.3117904663086
1.9765883684158325 104.46075322579452
2.0343058109283447 102.84595573609451
2.0437386172915066 102.3117904663086
2.093708634376526 101.00494229963978
2.154845952987671 99.16116657546245
2.2177685499191284 97.1177993469205
2.2825286388397217 95.11168222817676
2.3491796255111694 93.00415734778517
2.365172435107215 92.50723266601562
2.4177768230438232 91.45891018243928
2.4883772134780884 89.94608142143395
2.5610392093658447 88.3981865513204
2.635822892189026 86.77204672104091
2.7127902507781982 85.06370670475312
2.776165375067297 83.64224624633789
2.792005181312561 83.38579730690887
2.873533248901367 82.09033189006412
2.9574419260025024 80.72938163836754
2.9574419260025024 5208.177031365328
2.873533248901367 5206.278954628873
2.792005181312561 5204.505890269261
2.7127902507781982 5202.849604639207
2.675018444755123 5202.06396484375
2.635822892189026 5179.148334107441
2.5610392093658447 5135.658748593294
2.4883772134780884 5095.033502728105
2.4177768230438232 5057.083943492356
2.3491796255111694 5021.633843055634
2.2825286388397217 4988.51858042065
2.2177685499191284 4957.584376966376
2.154845952987671 4928.687582340339
2.093708634376526 4901.694007383943
2.0343058109283447 4879.615970653598
1.9765883684158325 4872.275900139097
1.9205084443092346 4865.616882770034
1.8660196661949158 4850.1213486852
1.813076913356781 4835.262335721092
1.761636197566986 4821.013697045022
1.7116549611091614 4807.350359876423
1.6630918383598328 4794.248281367241
1.6159064769744873 4781.684406294666
1.570059895515442 4769.636626491739
1.5255141258239746 4758.083741944467
1.48223215341568 4747.005423486971
1.4401781558990479 4736.382177029042
1.3993173241615295 4726.195309253135
1.3596158623695374 4716.426894720458
1.3210408091545105 4707.059744328277
1.3067643991613918 4703.549072265625
1.2835601568222046 4607.131698361439
1.2471429109573364 4455.4305198525
1.2117589116096497 4315.677835107244
1.1956082481108754 4252.8070068359375
1.1773788332939148 4186.2978151689
1.1439741849899292 4063.467937490371
1.111517310142517 3945.447664095513
1.0837868689189691 3845.2596435546875
1.07998126745224 3831.573476905913
1.0493399500846863 3718.695630474188
1.0195680260658264 3610.2377003038055
0.9906408190727234 3490.355012462798
0.988135669351195 3476.7677001953125
0.9625343382358551 3341.099134217934
0.9352252781391144 3199.8710793972627
0.9243903630423951 3143.58837890625
0.908691018819809 3056.0196403994423
0.8829095959663391 2912.9956387527377
0.8701541887702501 2842.337646484375
0.8578596413135529 2770.753939382926
0.833520382642746 2628.9744598906227
0.8234226713455187 2569.9559326171875
0.8098717033863068 2494.3907100318515
0.7868939936161041 2366.8145907658636
0.7791877171617408 2323.6766357421875
0.7645681798458099 2245.597487445839
0.7428758144378662 2130.8017827556696
0.7373167455249406 2100.9982299804688
0.7217989265918732 2021.623369219593
0.7013200223445892 1918.3277900151948
0.6976842362871816 1899.6591186523438
0.6814221143722534 1826.0957812936028
0.6620887517929077 1748.4441563585597
0.6540185021349424 1717.6143798828125
0.6433039605617523 1677.726111414875
0.6250521242618561 1609.8131105809068
0.6095282225042503 1553.0150756835938
0.607318103313446 1545.134892155587
0.5900872349739075 1482.3031422632553
0.5733452439308167 1422.6522179670872
0.5682258876454997 1404.1893920898438
0.5570782721042633 1365.0104033164646
0.5412728190422058 1309.8225347054056
0.5296353266209309 1269.6256713867188
0.525915801525116 1257.1055425010263
0.5109944939613342 1206.0467903795227
0.4964965283870697 1165.3538461926228
0.48240990936756134 1149.386150090394
0.48118307685001577 1147.9571533203125
0.46872295439243317 1133.3189412572333
0.45542432367801666 1117.494383503048
0.4425030052661896 1101.9454305455283
0.42994828522205353 1086.6672823766644
0.4177497625350952 1071.6552225866944
0.4058973491191864 1056.9046169081248
0.39438121020793915 1042.410911785126
0.39091699533429103 1037.9481811523438
0.3831918090581894 1030.0560797476319
0.37231987714767456 1018.7623644928942
0.3617563992738724 1007.6653436510256
0.35149262845516205 996.7615915386984
0.3415200710296631 986.0477421352177
0.3318304419517517 975.5204880434163
0.3224157243967056 965.176579468658
0.31326813995838165 955.0128232156101
0.3043800890445709 944.7378755898161
