0.3043800890445709 3.8103289692047775
0.31028047684400045 4.073105692863464
0.31326813995838165 4.2196351808620225
0.319226712825516 4.5048017501831055
0.3224157243967056 4.672875366426253
0.3284313655415252 4.982251882553101
0.3318304419517517 5.254648278262911
0.3347274769722931 5.510305643081665
0.34131533463789243 6.094326019287109
0.3415200710296631 6.114269297131639
0.3473203754633228 6.7402448654174805
0.35149262845516205 7.176984673034768
0.3538866209458371 7.454622745513916
0.3617563992738724 7.930274562767626
0.37231987714767456 8.218020298387746
0.3739274711120614 8.244715452194214
0.3831918090581894 8.514800650773713
0.39438121020793915 8.78354141433691
0.4058973491191864 9.004311202295565
0.4128072707576457 9.118547916412354
0.4177497625350952 9.271119096470535
0.42994828522205353 9.609760225763404
0.4425030052661896 9.887952969271353
0.45331983772525636 10.084994792938232
0.45542432367801666 10.359135626542793
0.4612420301109738 11.1538724899292
0.46872295439243317 11.691146696047815
0.48240990936756134 12.124827672170293
0.49309689003006674 12.336037635803223
0.4964965283870697 12.429216807200703
0.5109944939613342 12.687040366911408
0.525915801525116 12.892707252338559
0.5412728190422058 13.089148106062208
0.5570782721042633 13.27677679957565
0.5733452439308167 13.461255984184431
0.5900872349739075 13.629833403755882
0.5917390123989751 13.6434965133667
0.607318103313446 13.86490140381944
0.6250521242618561 14.236559258039133
0.6433039605617523 14.5153050852335
0.6620887517929077 14.795459947030592
0.6814221143722534 15.068377052806074
0.6829754453651856 15.089529037475586
0.7013200223445892 15.467593878370064
0.7217989265918732 15.845553707353197
0.7428758144378662 16.19140472395457
0.7645681798458099 16.50787466735044
0.7780489450161896 16.68882179260254
0.7868939936161041 16.868505598043757
0.8098717033863068 17.306781357652255
0.833520382642746 17.707824287056013
0.8578596413135529 18.07479742599579
0.8829095959663391 18.410595104572323
0.8865674670231254 18.457618713378906
0.908691018819809 18.888060081781752
0.9352252781391144 19.35310263085345
0.9625343382358551 19.77863843129037
0.9906408190727234 20.16802369897171
1.001256453960555 20.41388511657715
1.0195680260658264 21.013579049019267
1.0493399500846863 22.041049568045583
1.0673030218950397 22.57749080657959
1.07998126745224 23.095222421154975
1.111517310142517 24.256802586211112
1.1344031735025486 24.970410346984863
1.1439741849899292 25.378498457044344
1.1773788332939148 26.691692396258453
1.2057985266554505 27.616947174072266
1.2117589116096497 27.89884148959804
1.2471429109573364 29.475997922213615
1.2758810722674705 30.54398250579834
1.2835601568222046 31.120534221659018
1.3210408091545105 33.75488393432498
1.3214276454974394 33.781246185302734
1.3596158623695374 36.77494995324989
1.367626870050254 37.36161804199219
1.3993173241615295 39.07707791972866
1.4401781558990479 40.54006411115053
1.4732358400287933 41.321462631225586
1.48223215341568 41.609654743124274
1.5255141258239746 42.92140641489036
1.570059895515442 44.07191217763235
1.6159064769744873 45.08099304148245
1.6476302072740066 45.700998306274414
1.6630918383598328 46.21501466706155
1.7116549611091614 47.72049001969485
1.761636197566986 49.04090615191804
1.813076913356781 50.19901130401206
1.8295703669506165 50.54470634460449
1.8660196661949158 52.0234325937646
1.9205084443092346 53.729193895152
1.9765883684158325 54.97283608035721
2.0343058109283447 54.96139352186828
2.093708634376526 54.10965437038069
2.154845952987671 53.104645410641666
2.2177685499191284 51.9178973817341
2.2813019156884247 50.54470634460449
2.2825286388397217 50.53205385746722
2.3491796255111694 49.86299646359926
2.4177768230438232 49.13479709518924
2.4883772134780884 48.342227840275065
2.5610392093658447 47.47959866056735
2.635822892189026 46.540716541346356
2.69999933457911 45.700998306274414
2.7127902507781982 45.60029025227833
2.792005181312561 44.96773863790705
2.873533248901367 44.20628329454822
2.9574419260025024 43.369996618139
2.9574419260025024 5467.545411491993
2.873533248901367 5448.56464412745
2.792005181312561 5430.834000531324
2.7127902507781982 5414.271144230787
2.635822892189026 5398.799161651871
2.5610392093658447 5384.346204952941
2.4883772134780884 5370.845158382101
2.4177768230438232 5358.2333266091955
2.3491796255111694 5346.452143585088
2.2825286388397217 5335.446900576242
2.2177685499191284 5325.166492111666
2.154845952987671 5317.508385674117
2.093708634376526 5316.217189759591
2.0343058109283447 5315.101721414696
1.9765883684158325 5315.101721414696
1.9205084443092346 5315.031259663809
1.8660196661949158 5314.131614195673
1.813076913356781 5313.18948870548
1.761636197566986 5312.202690876858
1.7116549611091614 5308.399401919401
1.6630918383598328 5302.772321158049
1.6159064769744873 5297.376388012069
1.570059895515442 5292.202107465776
1.5255141258239746 5287.240374537026
1.48223215341568 5282.4824582555275
1.4401781558990479 5277.919986299294
1.3993173241615295 5273.544930262186
1.3596158623695374 5269.34959152664
1.3210408091545105 5265.326587716703
1.2835601568222046 5261.468839707551
1.2471429109573364 5257.769559168628
1.2117589116096497 5254.222236618479
1.1773788332939148 5250.820629970269
1.1439741849899292 5247.558753547822
1.111517310142517 5244.4308675528555
1.07998126745224 5241.431467964885
1.0493399500846863 5238.555276856001
1.0195680260658264 5235.797233103513
0.9906408190727234 5232.871748316791
0.9625343382358551 5229.539583809997
0.9352252781391144 5226.38808281531
0.908691018819809 5223.407450106672
0.8829095959663391 5220.5884215362275
0.8578596413135529 5217.922235240296
0.833520382642746 5215.400604406488
0.8098717033863068 5213.01569151735
0.7868939936161041 5210.760083990461
0.7645681798458099 5208.626771139272
0.7428758144378662 5206.609122383099
0.7217989265918732 5204.700866638508
0.7013200223445892 5202.896072828079
0.6918969495365793 5202.06396484375
0.6814221143722534 5181.673361827864
0.6620887517929077 5144.045084446862
0.6433039605617523 5108.456939457979
0.6250521242618561 5074.798314830395
0.607318103313446 5042.9645957035755
0.5900872349739075 5012.856839232305
0.5733452439308167 4984.381467060988
0.5570782721042633 4957.449974471405
0.5412728190422058 4931.978655299908
0.525915801525116 4907.888341769079
0.5109944939613342 4893.781610239839
0.4964965283870697 4874.395335739572
0.48240990936756134 4824.916701033707
0.46872295439243317 4781.38855784132
0.45542432367801666 4743.095277094181
0.4425030052661896 4709.407294036918
0.4402666192867767 4703.549072265625
0.42994828522205353 4317.784344372104
0.4282687128333296 4252.8070068359375
0.4177497625350952 3886.8457365923305
0.4165946228852869 3845.2596435546875
0.4058973491191864 3598.328852010301
0.39914468708546086 3476.7677001953125
0.39438121020793915 3405.3775845050527
0.3831918090581894 3239.787201801941
0.37644991396015776 3143.58837890625
0.37231987714767456 3091.14403798335
0.3617563992738724 2958.2328400820506
0.3518691392409735 2842.337646484375
0.35149262845516205 2838.145569027673
0.3415200710296631 2724.279717026202
0.3318304419517517 2621.581472399073
0.326824076748324 2569.9559326171875
0.3224157243967056 2521.574604775715
0.31326813995838165 2422.9938936908975
0.3043800890445709 2334.081671066207
